0.6436657040000001
0.4355812582500003
0.4385436858750003
0.650602119875
0.6529784821249996
0.4382707252500003
0.6382626845000001
0.7000481686250002
0.5657594722500001
0.584633915125
0.563800582375
0.5678307646250002
0.6384312773750004
0.6054672448749997
0.6310292228749999
0.640237636
0.65271355225
0.6158236985000001
0.43834297950000034
0.62065670875
0.4359826711250003
0.6071531786250002
0.5631904331250002
0.636986186875
0.6551782267499998
0.4380539622500003
0.625008027875
0.6379415545
0.6054030186250003
0.6489563252499999
