0.944974310875
0.93652858225
0.9469572901250002
0.9479768841250001
0.9390815686249994
0.4346580082500003
0.950931277375
0.9044797723749995
0.9278098844999996
0.9126846454999997
0.843930636
0.9467325018749999
0.4365526777500003
0.9422045588749995
0.9204800916249999
0.9510356461250001
0.9444845845
0.9471740504999999
0.9234264607499998
0.9112395609999998
0.7703596668750002
0.9393464916250001
0.9484666003749999
0.9443561343750002
0.9404062313749991
0.9344974313749999
0.9430314699999995
0.43419236912500037
0.9472463084999999
0.9354608245
