0.4386641100000003
0.9511159256249998
0.924759150375
0.93966762975
0.9225513795000001
0.9327713571250001
0.9422768152500002
0.9286930008749996
0.43666507300000035
0.4386641100000003
0.9437941601249997
0.4386641100000003
0.934184331
0.9549775300000001
0.9266056576249998
0.9146997429999999
0.9196692361250003
0.4373394470000004
0.9335661526249999
0.4386641100000003
0.943288379
0.9577874118749999
0.8707129065
0.9370343658749999
0.9565510636249999
0.9399807321249998
0.957731214875
0.92820327575
0.9285645524999993
0.9384071963749998
