0.6648843933749998
0.5985067411249999
0.6404383388750002
0.6437861279999999
0.6703917791249999
0.6048892103749999
0.6392421333750001
0.6396274912500003
0.43684972300000036
0.4386641100000003
0.4374357860000003
0.6124438031249999
0.6283156735000001
0.6338069974999999
0.6322013461249998
0.6443159924999999
0.641473991
0.4366570450000003
0.5874919746249998
0.4370343733750003
0.6350433522500001
0.6327793815
0.43611915162500037
0.609722222
0.5649405928749999
0.6100674380000001
0.579046241375
0.6584296736249999
0.639547206875
0.6247109799999999
